0001 1111 0000 0000 0000 0000 1111 1000
0011 1111 1000 0000 0000 0001 1111 1100
0111 1111 1100 0000 0000 0011 1111 1110
1111 1111 1110 0000 0000 0111 1111 1111
1111 1111 1111 0000 0000 1111 1111 1111
1111 1111 1111 1000 0001 1111 1111 1111
1111 1111 1111 1100 0011 1111 1111 1111
1111 1111 1111 1110 0111 1111 1111 1111
0111 1111 1111 1111 1111 1111 1111 1110
0011 1111 1111 1111 1111 1111 1111 1100
0001 1111 1111 1111 1111 1111 1111 1000
0000 1111 1111 1111 1111 1111 1111 0000
0000 0111 1111 1111 1111 1111 1110 0000
0000 0011 1111 1111 1111 1111 1100 0000
0000 0001 1111 1111 1111 1111 1000 0000
0000 0000 1111 1111 1111 1111 0000 0000
0000 0000 1111 1111 1111 1111 0000 0000
0000 0001 1111 1111 1111 1111 1000 0000
0000 0011 1111 1111 1111 1111 1100 0000
0000 0111 1111 1111 1111 1111 1110 0000
0000 1111 1111 1111 1111 1111 1111 0000
0001 1111 1111 1111 1111 1111 1111 1000
0011 1111 1111 1111 1111 1111 1111 1100
0111 1111 1111 1111 1111 1111 1111 1110
1111 1111 1111 1110 0111 1111 1111 1111
1111 1111 1111 1100 0011 1111 1111 1111
1111 1111 1111 1000 0001 1111 1111 1111
1111 1111 1111 0000 0000 1111 1111 1111
1111 1111 1110 0000 0000 0111 1111 1111
0111 1111 1100 0000 0000 0011 1111 1110
0011 1111 1000 0000 0000 0001 1111 1100 
0001 1111 0000 0000 0000 0000 1111 1000